cam_model: Pinhole
cam_width: 960
cam_height: 540
cam_fx: 852.22768984172183
cam_fy: 850.31574301817921
cam_cx: 601.02100125272864
cam_cy: 372.14405718301555
cam_d0: -0.35397602853239779
cam_d1: 0.18680361879238847
cam_d2: 0.00030920551372917683
cam_d3: 0.00027830568089398888